valid cycle
9          
10         
12         
14         
16         
18         
19         
20         
22         
23         
24         
25         
26         
27         
29         
30         
32         
33         
38         
39         
42         
44         
45         
46         
49         
50         
52         
54         
55         
56         
59         
61         
63         
64         
66         
67         
68         
72         
73         
74         
75         
78         
81         
82         
86         
87         
88         
89         
93         
94         
95         
96         
98         
100        
